<?xml version="1.0"?>
<opencv_storage>
<calibration_time>"Sat Oct 22 17:35:02 2016"</calibration_time>
<nr_of_frames>17</nr_of_frames>
<image_width>1920</image_width>
<image_height>1080</image_height>
<board_width>9</board_width>
<board_height>6</board_height>
<square_size>50.</square_size>
<fix_aspect_ratio>1.</fix_aspect_ratio>
<!-- flags: +fix_skew +fix_k4 +recompute_extrinsic -->
<flags>138</flags>
<fisheye_model>1</fisheye_model>
<camera_matrix type_id="opencv-matrix">
  <rows>3</rows>
  <cols>3</cols>
  <dt>d</dt>
  <data>
    1.0571737456924614e+03 0. 1.0169779805818888e+03 0.
    1.0572067638588333e+03 5.2213043022577949e+02 0. 0. 1.</data></camera_matrix>
<distortion_coefficients type_id="opencv-matrix">
  <rows>4</rows>
  <cols>1</cols>
  <dt>d</dt>
  <data>
    -1.1638707372057246e-02 -5.1055808115261468e-03
    -2.4851069634835693e-03 0.</data></distortion_coefficients>
<avg_reprojection_error>2.3193432529638316e-01</avg_reprojection_error>
<per_view_reprojection_errors type_id="opencv-matrix">
  <rows>17</rows>
  <cols>1</cols>
  <dt>f</dt>
  <data>
    3.32524687e-01 3.05721313e-01 2.20630690e-01 2.41298139e-01
    1.74604520e-01 3.04740012e-01 1.73760414e-01 1.54496461e-01
    1.42009616e-01 2.34618172e-01 2.47179985e-01 2.32253656e-01
    2.48098031e-01 1.83892190e-01 2.12427303e-01 2.07514599e-01
    2.28747323e-01</data></per_view_reprojection_errors>
<!-- a set of 6-tuples (rotation vector + translation vector) for each view -->
<extrinsic_parameters type_id="opencv-matrix">
  <rows>17</rows>
  <cols>6</cols>
  <dt>d</dt>
  <data>
    2.1720642408977203e-01 1.3790025256840109e-02
    -1.1517871302774782e-02 7.1623018795466567e+02
    -6.0738017519095752e+02 1.3042637443240230e+03
    1.2359248358396675e-01 5.7674132242214245e-02
    -8.4445451185757706e-02 8.0713020888762014e+02
    -2.4185938511516703e+01 1.4273808016468204e+03
    4.9807311807796920e-02 4.1921291129786098e-02 2.1933455670493172e-02
    2.9019084607234328e+02 -6.0170815739240015e+02
    1.4262586527555673e+03 -8.9086828614348482e-02
    1.3553275444378307e-01 -1.2241199346858025e-01
    8.3286747843564990e+02 5.3690469930032964e+02 1.7683619462025770e+03
    5.8488385010056605e-02 -2.5553468418316679e-02
    3.7454887844387015e-04 -8.5969266496941430e+01
    -6.4451642984549630e+02 1.4936798311373570e+03
    6.2012353634616664e-02 5.2248310326099903e-02
    -9.1789728381962837e-02 7.8053966134119833e+02
    4.8510177095075807e+02 1.5213106355414993e+03 6.1671504150563890e-02
    -5.5329384503292750e-02 -9.0709384339171209e-02
    2.8126703750316227e+02 -6.6527556939187008e+01
    1.8521680569368993e+03 1.1556879111230026e-01
    -1.6416800508985568e-01 3.9983334984711079e-03
    -3.7179836195736721e+02 -4.5623828270111574e+02
    1.9288731687478507e+03 2.5951780725036394e-03
    -1.0578641962012661e-01 -9.2952992820467244e-03
    -2.3855931157412039e+02 -5.7559736603629972e+01
    1.8018403666935585e+03 9.1636826175673883e-02 1.3252834286625378e-01
    -5.0676636198141528e-02 -2.0407579325523304e+02
    4.8233542420044483e+02 1.8202559633293351e+03 2.8119629887137593e-02
    -1.9876917494904545e-01 4.7384881988773303e-02
    -8.7784618971428847e+02 -6.2529361495551996e+02
    1.3544618053256665e+03 -1.2115345350923820e-01
    -1.8000226612447531e-01 -2.7150838284060983e-02
    -4.0783417034091599e+02 3.2422810635986986e+02
    1.9376841681227297e+03 3.9229455088650771e-02
    -3.9317582778286192e-01 7.7486596591075721e-02
    -1.3253084933840094e+03 -6.6428517246501201e+02
    1.1137222646854955e+03 5.8514084993483179e-02
    -2.0386559316102887e-01 7.0162927610875850e-02
    -1.2217478894096778e+03 -1.4791328380812163e+02
    1.8920459231192845e+03 9.3305049755589606e-02
    -1.0242025511255618e-02 -8.9839153531240237e-02
    -9.3348201539498723e+02 3.7427350591772802e+02
    1.8046461207772074e+03 -1.9298043069079773e-01
    -3.4563275303975877e-01 9.1307824637529331e-02
    -1.9213766886106648e+03 6.0530527646373071e+02
    1.5278989640205104e+03 -1.5080791484645490e-02
    -1.6719715317470635e-01 2.4267710099753946e-02
    -1.4756207869016137e+03 -1.8159033920943575e+01
    1.5312696285557768e+03</data></extrinsic_parameters>
